seed,score,loop,human,cow,pig,rabbit,dog,cat,time
0,97656,0,5,3,7,0,0,0,10
1,95,0,6,3,5,4,4,4,36
3,12207,0,5,4,2,1,3,3,27
2,191,0,7,2,3,5,3,6,43
4,97656,0,7,1,2,2,3,2,24
5,763,0,10,3,6,1,2,5,33
7,1526,0,8,3,5,4,2,2,20
8,3052,0,10,3,4,4,1,3,20
6,3052,0,6,2,1,1,5,6,65
10,48828,0,10,2,2,2,2,3,24
9,763,0,5,1,4,5,5,2,43
13,1526,0,10,3,1,4,4,4,36
11,381,0,9,2,2,4,5,5,53
12,381,0,8,3,4,2,6,3,46
15,95,0,10,6,3,6,1,4,27
16,97656,0,10,2,1,1,3,3,34
14,95,0,10,4,4,3,4,5,41
19,6104,0,8,5,4,2,1,2,16
17,12207,0,5,2,1,2,4,4,42
20,24414,0,6,5,2,2,0,3,16
18,1526,0,9,1,2,3,2,8,48
21,48828,0,5,4,3,1,2,1,17
22,3052,0,7,9,0,1,3,2,24
23,763,0,5,5,5,1,3,3,28
25,6104,0,10,4,1,4,2,3,25
24,1526,0,6,2,4,3,4,3,40
26,3052,0,10,1,2,4,5,3,38
28,381,0,9,2,5,5,4,2,28
27,24414,0,6,3,1,2,5,1,39
30,381,0,7,2,5,4,5,2,33
31,97656,0,9,1,2,2,2,3,31
29,763,0,5,4,4,1,1,7,43
33,97656,0,9,2,3,1,2,2,20
32,12207,0,5,0,3,4,3,3,33
35,48828,0,7,1,3,3,0,4,20
34,95,0,5,3,4,4,4,5,40
36,24414,0,8,3,4,2,0,3,21
37,24414,0,8,2,3,5,2,0,19
38,6104,0,8,0,3,3,4,4,35
39,95,0,10,3,6,6,2,3,27
42,12207,0,7,4,5,2,1,1,12
40,1526,0,7,4,5,2,2,3,32
41,12207,0,10,2,4,0,6,1,31
43,6104,0,5,4,2,1,4,3,32
44,12207,0,5,1,4,2,3,3,32
47,12207,0,6,5,2,3,0,3,16
46,191,0,9,3,5,6,3,2,30
45,191,0,7,5,0,2,4,8,53
48,95,0,8,6,5,2,5,2,38
50,381,0,5,1,6,6,1,4,24
49,48828,0,8,3,0,1,4,3,37
53,24414,0,6,6,1,0,2,3,24
52,24414,0,8,4,1,2,3,2,29
51,191,0,5,2,2,6,2,7,43
54,12207,0,8,5,2,0,3,3,27
55,12207,0,6,3,2,3,5,0,35
56,1526,0,5,4,0,5,3,4,31
57,3052,0,6,0,3,1,4,7,49
59,191,0,6,4,0,6,5,4,41
58,3052,0,10,3,1,2,5,4,52
61,3052,0,5,2,5,1,3,4,32
60,381,0,10,4,4,2,4,4,37
62,1526,0,6,2,3,5,2,4,29
65,763,0,8,4,4,4,3,2,24
63,763,0,9,4,5,2,5,1,31
66,3052,0,8,1,5,8,1,0,10
64,763,0,7,4,4,3,4,2,41
67,97656,0,7,1,3,2,2,2,25
68,48828,0,7,2,3,2,2,2,19
69,6104,0,5,1,3,3,5,2,31
70,95,0,5,5,5,5,0,5,27
71,97656,0,5,0,0,3,2,5,32
73,48828,0,10,2,2,3,1,3,21
74,48828,0,8,3,2,2,4,0,20
72,95,0,6,4,4,4,5,3,45
76,12207,0,7,4,1,3,2,3,25
77,24414,0,9,3,2,3,0,4,20
79,12207,0,9,4,2,3,1,3,20
75,95,0,10,2,2,4,6,6,58
78,48828,0,7,3,1,3,1,3,36
80,1526,0,7,3,4,3,6,0,30
81,1526,0,8,3,4,2,5,2,31
82,97656,0,10,1,1,1,5,2,40
83,191,0,8,5,3,4,6,1,45
84,763,0,5,5,1,2,5,4,40
85,191,0,7,5,3,5,3,3,30
86,191,0,8,10,2,5,0,2,12
87,48828,0,9,0,1,5,2,3,24
88,24414,0,8,2,1,2,1,6,31
89,24414,0,5,1,2,1,4,4,36
90,3052,0,6,1,5,5,2,2,33
92,191,0,7,3,4,6,2,4,28
91,95,0,7,4,2,2,5,7,51
93,24414,0,8,1,0,1,5,5,45
94,24414,0,7,4,1,3,3,1,30
96,97656,0,7,2,1,4,1,2,18
95,6104,0,7,3,1,3,4,3,38
97,3052,0,10,3,3,4,1,4,25
98,97656,0,6,6,0,2,2,0,12
101,24414,0,7,4,2,3,3,0,16
100,6104,0,10,4,3,3,1,3,23
102,97656,0,5,0,3,3,2,2,21
99,191,0,8,4,2,3,6,4,47
105,24414,0,9,2,3,1,4,2,27
103,191,0,5,4,1,4,3,7,50
104,381,0,8,4,5,1,2,6,36
107,48828,0,6,0,4,1,3,3,29
108,48828,0,6,2,2,1,3,3,28
106,3052,0,7,2,5,1,3,4,33
109,12207,0,8,6,1,2,4,0,20
110,3052,0,9,1,3,4,4,3,40
111,1526,0,10,3,4,1,3,5,48
112,97656,0,10,1,2,1,5,1,35
114,1526,0,7,1,7,4,1,3,20
115,6104,0,9,3,2,6,1,2,19
113,191,0,9,5,4,3,4,3,34
116,12207,0,10,4,3,1,2,3,28
117,381,0,9,1,6,3,4,4,35
118,6104,0,7,1,1,3,8,1,39
120,12207,0,7,2,4,2,2,3,26
121,6104,0,9,1,6,2,4,1,25
119,95,0,9,3,0,6,6,5,54
122,48828,0,10,4,0,2,3,2,26
123,48828,0,5,4,2,0,2,3,26
124,95,0,6,5,4,5,2,4,29
126,97656,0,9,2,1,2,3,2,23
125,191,0,6,3,3,5,3,5,38
127,48828,0,5,1,1,3,2,4,27
129,48828,0,7,5,1,1,2,2,18
130,6104,0,10,1,4,5,3,1,19
128,191,0,6,4,6,1,3,5,45
131,191,0,7,7,4,5,1,2,23
134,48828,0,8,3,3,3,1,1,12
133,97656,0,9,0,5,0,4,1,22
132,48828,0,5,3,0,0,4,4,35
136,763,0,10,3,7,3,1,3,21
137,381,0,7,6,2,3,4,3,32
135,763,0,10,1,4,2,7,3,49
138,763,0,8,3,4,3,0,7,33
139,1526,0,8,4,6,2,3,1,22
140,95,0,5,2,6,4,1,7,36
141,1526,0,8,3,3,1,6,3,46
142,3052,0,6,1,3,2,3,6,52
144,97656,0,6,1,2,3,4,0,20
143,3052,0,10,4,2,1,5,3,39
146,191,0,5,4,8,2,4,1,24
147,3052,0,8,1,6,2,4,2,27
145,381,0,9,3,3,3,2,7,42
148,24414,0,5,1,3,5,1,2,16
150,191,0,8,3,7,3,4,2,32
151,763,0,5,4,4,3,4,2,27
149,381,0,5,3,2,2,3,8,53
152,191,0,8,5,3,2,6,3,40
154,6104,0,10,2,3,4,3,2,24
153,6104,0,5,3,3,3,1,4,43
157,1526,0,7,7,2,1,2,4,29
156,95,0,7,6,2,3,5,4,49
155,191,0,10,3,2,3,6,5,52
158,12207,0,10,3,4,3,2,1,24
159,6104,0,8,2,5,2,4,1,24
161,6104,0,6,5,4,3,1,1,17
160,381,0,8,0,8,5,2,3,34
163,6104,0,9,2,3,3,4,2,27
164,97656,0,7,0,3,4,2,1,16
162,48828,0,9,2,2,1,2,4,39
165,6104,0,10,2,2,5,2,3,24
166,1526,0,10,2,4,5,0,5,23
167,763,0,10,4,2,4,1,6,31
168,763,0,10,3,4,1,7,2,40
169,381,0,6,3,2,2,4,7,51
170,95,0,6,8,0,4,5,3,36
171,191,0,6,5,4,3,3,4,35
173,763,0,7,3,4,3,2,5,33
172,381,0,8,1,1,3,4,9,56
174,95,0,7,4,8,1,5,2,37
175,763,0,10,3,4,1,5,4,46
177,24414,0,8,2,4,1,4,1,23
176,763,0,6,4,3,3,3,4,32
179,6104,0,9,1,6,2,1,4,24
180,24414,0,6,3,2,2,3,2,38
178,95,0,5,1,3,6,6,4,48
181,12207,0,5,0,4,4,4,1,29
183,48828,0,9,3,2,1,3,2,30
182,95,0,7,4,7,1,7,1,39
184,191,0,6,2,3,4,2,8,44
186,48828,0,8,3,2,2,1,3,20
185,381,0,10,3,3,5,4,3,33
188,763,0,6,2,5,5,4,1,26
187,24414,0,7,2,3,0,2,5,35
189,95,0,10,4,7,1,5,3,36
190,12207,0,8,2,4,4,1,2,21
191,1526,0,5,4,3,5,3,1,20
192,48828,0,8,1,5,1,1,3,22
194,6104,0,5,2,2,4,5,1,34
193,24414,0,6,0,1,2,4,5,43
195,12207,0,5,4,4,1,0,4,24
196,1526,0,9,2,5,5,1,3,25
197,48828,0,7,2,0,2,2,5,32
198,97656,0,10,1,2,0,4,3,38
199,1526,0,5,4,1,5,5,1,36
200,6104,0,6,5,4,0,1,4,23
201,48828,0,6,1,3,3,1,3,21
202,381,0,8,4,1,7,5,1,29
203,95,0,10,7,5,2,3,3,31
204,95,0,8,5,3,3,2,7,47
205,12207,0,9,0,3,2,1,7,35
207,97656,0,10,2,2,0,3,3,28
206,95,0,10,2,4,0,7,7,64
208,763,0,7,3,1,5,1,7,40
209,12207,0,10,3,3,3,3,1,24
211,97656,0,6,2,5,1,1,1,21
210,381,0,9,3,5,4,3,3,36
212,763,0,8,3,4,3,4,3,31
213,48828,0,10,2,0,2,4,3,34
214,95,0,7,3,3,6,5,3,36
215,6104,0,6,2,4,1,4,3,34
216,24414,0,6,3,2,3,3,1,24
217,763,0,9,3,1,5,6,2,37
218,191,0,9,6,2,4,6,1,35
221,6104,0,5,4,1,4,4,1,24
219,191,0,7,3,2,5,5,4,46
220,191,0,9,1,4,5,5,4,40
222,381,0,8,7,5,3,2,1,17
223,763,0,9,3,4,4,3,3,29
226,191,0,7,8,6,2,0,3,15
225,381,0,10,7,2,3,2,4,30
224,381,0,6,4,3,1,8,2,44
227,97656,0,6,0,4,1,4,1,31
228,763,0,6,1,2,5,2,7,41
229,763,0,7,3,2,4,4,4,35
230,381,0,7,2,9,3,2,2,22
232,24414,0,8,3,0,4,2,3,24
231,6104,0,7,0,1,4,3,6,41
235,24414,0,7,5,3,3,1,0,7
233,381,0,7,5,3,1,5,4,43
234,48828,0,5,2,2,2,2,3,26
237,97656,0,10,0,2,4,3,1,20
236,3052,0,8,7,0,2,1,5,28
238,48828,0,10,3,1,2,1,4,25
239,97656,0,10,1,2,3,3,1,18
240,12207,0,9,4,2,2,2,3,23
241,97656,0,6,2,2,3,3,0,18
242,763,0,5,2,5,3,6,1,31
243,191,0,6,2,7,3,5,2,32
244,12207,0,6,3,2,2,2,4,32
246,6104,0,8,4,4,3,1,2,22
245,1526,0,8,5,3,0,4,4,36
247,95,0,9,8,4,0,4,4,39
249,763,0,9,2,4,6,1,4,25
248,763,0,6,6,1,3,5,2,32
250,24414,0,9,3,2,5,1,1,20
252,3052,0,10,5,4,3,1,2,15
251,12207,0,5,0,4,1,3,5,37
254,48828,0,7,1,1,5,1,3,20
253,1526,0,8,1,5,1,4,5,40
257,3052,0,5,4,3,5,2,1,19
255,12207,0,10,3,1,5,0,4,29
256,191,0,8,6,1,2,4,6,46
258,48828,0,8,1,1,4,2,3,24
259,3052,0,7,2,3,2,4,4,43
261,12207,0,10,3,1,3,3,3,33
260,191,0,5,2,5,4,5,3,40
263,6104,0,5,5,3,2,4,0,20
262,191,0,7,4,3,3,5,4,39
264,24414,0,10,2,1,4,5,0,26
265,24414,0,6,1,3,4,1,3,22
266,48828,0,6,4,4,1,0,2,20
267,48828,0,10,3,1,1,5,1,31
268,48828,0,8,4,2,1,3,1,20
269,3052,0,9,3,4,3,2,3,30
271,95,0,5,4,4,5,3,4,32
270,191,0,6,3,5,3,6,2,44
272,95,0,6,4,6,3,4,3,38
273,191,0,9,5,4,7,2,1,21
275,95,0,8,7,3,4,3,3,27
274,381,0,9,5,1,4,3,5,38
276,1526,0,9,2,4,3,1,6,40
278,24414,0,10,1,3,3,3,2,31
279,95,0,7,5,2,7,3,3,29
277,191,0,8,0,2,5,9,3,53
280,12207,0,7,3,2,2,4,2,28
281,48828,0,6,4,0,5,1,1,12
284,12207,0,7,1,4,4,1,3,23
282,1526,0,8,1,3,5,3,4,33
283,24414,0,6,0,3,3,2,4,27
287,48828,0,8,2,1,3,4,1,24
286,3052,0,9,2,0,7,6,0,28
285,381,0,5,4,3,5,2,4,31
288,1526,0,6,6,0,4,1,5,31
290,191,0,9,4,2,4,4,5,41
289,1526,0,9,2,1,6,4,3,47
291,24414,0,5,3,1,3,1,4,24
293,3052,0,6,3,3,7,0,2,11
292,95,0,8,4,6,6,3,1,29
294,6104,0,10,4,2,2,3,3,31
295,763,0,10,6,3,0,3,5,35
296,12207,0,9,4,3,0,2,4,28
297,763,0,10,6,4,2,3,2,24
298,6104,0,9,1,2,5,2,4,31
299,24414,0,6,2,1,2,4,3,33
300,3052,0,6,5,4,2,2,2,28
303,24414,0,5,7,3,1,0,1,8
301,6104,0,5,1,3,4,0,6,36
302,763,0,5,5,2,2,4,4,38
305,191,0,5,7,1,6,3,2,23
304,381,0,10,2,2,4,3,7,46
306,1526,0,5,3,5,3,2,3,23
308,48828,0,10,3,2,3,1,2,16
309,97656,0,8,2,4,1,3,0,17
307,381,0,10,4,4,5,1,4,27
310,6104,0,9,3,5,2,2,2,20
312,24414,0,9,4,1,3,4,0,21
311,1526,0,9,3,3,2,2,6,37
313,97656,0,10,3,0,1,3,3,31
315,3052,0,5,5,3,2,3,2,29
314,1526,0,7,3,3,3,5,2,42
316,95,0,6,2,4,9,3,2,33
317,12207,0,9,6,1,3,1,2,15
319,97656,0,7,1,4,2,1,2,16
318,6104,0,5,3,1,0,4,6,46
320,24414,0,9,3,1,4,1,3,31
321,191,0,7,3,7,3,3,3,28
323,763,0,6,3,4,5,1,4,29
322,191,0,5,2,7,3,4,3,31
324,48828,0,10,2,2,3,1,3,20
326,97656,0,7,1,5,2,1,1,18
325,48828,0,7,3,1,3,3,1,20
327,6104,0,10,3,2,4,3,2,24
328,24414,0,5,2,2,2,2,4,29
329,95,0,9,5,5,3,2,5,37
330,12207,0,7,2,3,1,5,2,37
331,6104,0,10,2,3,4,2,3,28
333,1526,0,10,1,6,3,2,4,28
332,95,0,7,4,1,6,5,4,44
335,48828,0,10,3,2,2,3,1,19
334,191,0,6,2,3,4,4,6,51
337,6104,0,6,0,5,3,3,3,30
336,95,0,7,4,3,3,2,8,45
340,97656,0,5,1,1,6,1,1,11
339,12207,0,9,2,3,2,3,3,29
338,191,0,7,2,2,3,7,5,52
341,48828,0,8,0,2,4,3,2,24
344,24414,0,9,3,5,3,0,1,15
343,3052,0,7,3,6,2,0,4,21
342,191,0,9,6,2,4,4,3,36
346,6104,0,5,6,0,2,3,3,31
345,6104,0,5,2,2,3,5,2,42
347,6104,0,9,3,3,0,4,4,35
348,12207,0,9,2,0,6,2,3,24
350,24414,0,8,3,3,3,0,3,16
349,48828,0,6,1,1,3,3,3,37
351,3052,0,5,2,7,1,5,0,26
352,97656,0,7,2,2,1,3,2,36
354,12207,0,7,3,1,3,2,4,32
353,95,0,9,3,5,5,4,3,43
355,1526,0,10,5,0,4,2,5,36
356,48828,0,8,2,4,1,2,2,23
357,12207,0,5,3,3,2,2,3,25
358,763,0,5,3,4,3,2,5,31
359,763,0,10,2,5,4,3,3,34
360,3052,0,5,4,3,2,5,1,28
361,3052,0,9,3,3,4,2,3,24
362,24414,0,7,3,4,2,2,1,17
364,48828,0,8,3,5,1,1,1,11
363,12207,0,10,3,3,0,4,3,33
365,3052,0,9,3,1,4,2,5,33
366,381,0,7,4,3,2,4,5,40
367,48828,0,9,0,1,2,3,5,37
368,3052,0,7,4,2,2,4,3,33
369,6104,0,7,1,2,4,3,4,31
370,381,0,8,5,0,5,5,3,42
371,24414,0,8,1,2,1,2,6,40
372,1526,0,9,4,3,3,3,3,38
373,95,0,9,6,4,2,5,3,36
375,24414,0,7,2,5,0,4,1,29
374,763,0,10,2,4,2,5,4,43
376,763,0,9,6,3,3,3,2,25
377,12207,0,6,2,1,2,3,5,36
379,6104,0,6,1,4,2,2,5,32
378,12207,0,9,3,0,1,5,4,42
380,1526,0,7,1,5,3,3,4,32
382,48828,0,9,2,1,3,4,1,25
381,1526,0,7,2,4,3,6,1,33
384,12207,0,5,2,1,3,3,4,32
385,191,0,6,2,6,4,3,4,36
383,3052,0,5,1,3,3,3,5,45
387,48828,0,10,2,3,2,2,2,20
388,6104,0,6,0,4,6,1,3,29
386,763,0,9,3,1,2,7,4,50
389,97656,0,5,3,0,1,2,4,27
390,95,0,10,3,3,9,3,2,25
391,97656,0,5,2,1,2,2,3,22
392,48828,0,5,1,3,3,3,1,20
395,191,0,6,6,3,7,2,1,16
393,1526,0,5,4,2,3,5,2,30
394,191,0,7,4,5,4,4,2,27
396,97656,0,5,4,1,2,1,2,19
397,12207,0,5,3,3,4,1,2,17
400,95,0,10,4,3,6,5,2,32
398,763,0,8,3,3,2,3,6,47
399,763,0,5,1,5,2,6,3,45
401,24414,0,5,3,2,3,2,2,20
402,6104,0,6,3,2,3,3,3,33
404,6104,0,6,5,2,2,3,2,26
403,95,0,6,5,3,5,4,3,36
405,763,0,7,2,2,3,5,5,44
407,381,0,5,4,3,4,4,3,32
406,381,0,9,5,2,4,0,7,42
409,24414,0,9,4,6,1,1,0,15
408,97656,0,7,2,2,1,4,1,25
410,48828,0,8,2,1,2,4,2,28
411,763,0,8,4,4,1,4,4,36
413,763,0,8,2,4,7,3,1,30
412,763,0,5,1,4,2,8,2,44
414,48828,0,5,0,3,3,1,4,32
415,6104,0,10,1,2,4,5,2,33
416,1526,0,8,5,0,3,4,4,40
417,381,0,6,4,3,3,6,2,36
418,1526,0,6,3,2,4,4,3,37
419,12207,0,6,1,2,3,3,4,38
420,191,0,9,1,5,4,5,4,42
421,3052,0,5,0,4,6,3,2,26
422,24414,0,6,1,1,5,3,2,22
424,6104,0,7,2,6,3,1,2,16
423,24414,0,6,5,2,2,1,2,17
426,97656,0,9,3,2,0,4,1,22
425,12207,0,8,1,5,1,3,3,35
427,48828,0,5,1,4,1,5,0,27
429,48828,0,10,2,3,4,1,1,12
428,191,0,7,3,8,4,1,3,26
430,191,0,7,4,3,7,2,3,26
431,1526,0,8,4,1,3,2,6,40
432,95,0,5,1,3,9,5,2,37
433,1526,0,5,3,4,1,3,5,50
434,97656,0,9,1,3,1,2,3,27
435,3052,0,6,3,2,3,3,4,40
437,6104,0,10,5,2,2,1,4,23
436,3052,0,7,2,3,3,2,5,34
438,97656,0,7,2,4,0,2,2,18
439,24414,0,8,5,0,2,3,2,24
440,1526,0,10,1,7,3,4,1,24
441,3052,0,9,4,3,2,4,2,29
442,3052,0,7,5,1,5,2,2,21
443,763,0,5,6,2,3,2,4,36
444,381,0,8,3,4,5,3,3,30
445,191,0,6,2,6,3,2,6,37
447,97656,0,8,3,1,4,0,2,17
446,97656,0,6,2,2,2,1,3,25
448,97656,0,6,2,1,2,3,2,26
450,6104,0,7,5,4,2,2,1,16
449,763,0,9,3,4,6,1,3,21
451,1526,0,10,4,4,4,4,0,20
452,763,0,10,4,3,4,2,4,30
453,95,0,7,4,5,2,6,3,40
455,48828,0,10,1,3,3,2,2,20
456,48828,0,6,3,0,5,2,1,17
454,1526,0,7,4,0,4,3,5,40
458,48828,0,9,1,3,2,2,3,24
457,381,0,9,2,7,0,5,4,41
459,381,0,5,3,4,3,3,5,36
460,24414,0,7,3,6,0,2,1,20
461,97656,0,9,3,4,1,2,0,15
462,381,0,6,2,3,4,3,6,42
464,3052,0,8,3,3,2,2,5,34
463,6104,0,10,3,1,3,4,3,46
465,24414,0,8,4,3,1,2,2,23
466,48828,0,9,3,1,2,3,2,25
468,12207,0,6,2,3,5,2,1,16
467,12207,0,9,2,1,1,4,5,39
469,6104,0,7,2,3,3,2,4,27
470,97656,0,7,0,4,3,3,0,20
471,48828,0,5,4,2,2,1,2,16
472,3052,0,9,5,2,4,1,3,20
473,3052,0,7,2,4,4,2,3,31
474,3052,0,5,1,7,2,3,2,36
475,763,0,6,4,1,5,2,5,44
476,48828,0,8,0,3,3,3,2,31
477,6104,0,9,2,3,4,5,0,25
479,97656,0,10,3,5,0,0,2,14
478,12207,0,10,4,3,2,2,2,20
481,12207,0,9,2,2,4,5,0,28
482,6104,0,9,2,2,5,3,2,23
480,95,0,7,3,5,3,2,7,40
484,24414,0,7,4,3,1,2,2,20
483,6104,0,8,4,3,2,3,2,28
485,191,0,10,3,3,3,3,7,44
486,48828,0,5,3,2,0,2,4,36
487,763,0,5,1,5,4,3,4,33
488,12207,0,8,0,5,5,2,1,21
490,24414,0,7,3,3,2,2,2,19
489,3052,0,9,3,2,5,2,3,27
492,191,0,9,3,5,6,3,2,24
491,95,0,10,9,0,2,5,4,40
493,1526,0,8,4,2,2,4,4,38
495,1526,0,8,2,3,4,4,3,31
494,763,0,6,1,3,6,4,3,41
497,97656,0,8,3,3,1,0,3,19
