233 499 0 -1 
-1 
210 -1 
-1 
-1 
-1 
-1 
-1 
-1 
271 -1 
-1 
-1 
6 -1 
14 -1 
809 280 -1 
306 383 -1 
215 -1 
7 -1 
173 359 24 10 302 -1 
347 -1 
-1 
-1 
-1 
964 712 -1 
-1 
-1 
-1 
324 -1 
-1 
805 -1 
3 405 -1 
690 222 485 -1 
23 8 -1 
267 780 -1 
-1 
-1 
700 336 50 -1 
52 41 262 -1 
25 3 -1 
-1 
104 302 555 312 41 219 -1 
-1 
51 159 36 37 -1 
50 92 -1 
410 -1 
-1 
262 6 -1 
82 -1 
72 268 94 318 170 -1 
54 97 -1 
-1 
482 596 64 -1 
-1 
90 -1 
60 250 257 468 97 496 126 47 117 -1 
27 1 129 367 -1 
-1 
109 771 349 122 166 96 379 12 274 16 113 109 128 112 70 39 62 2 314 -1 
-1 
156 137 83 220 17 95 332 315 35 129 22 -1 
34 388 62 13 169 381 -1 
141 88 117 351 89 176 52 234 320 447 818 91 5 41 284 142 95 -1 
77 44 160 163 171 -1 
68 -1 
7 87 166 121 374 565 -1 
61 188 164 207 5 149 18 44 -1 
150 74 75 196 326 212 47 218 184 158 128 63 158 -1 
119 194 -1 
181 141 49 105 209 212 434 73 530 37 865 -1 
273 175 144 -1 
92 -1 
103 127 59 136 471 5 118 194 4 550 33 426 378 40 135 111 220 58 221 48 204 201 734 452 251 48 277 154 108 8 269 935 368 156 708 28 6 435 239 695 35 264 112 64 144 266 311 36 55 143 105 79 29 141 87 116 400 115 19 139 26 67 604 76 140 -1 
240 137 761 256 238 133 292 104 92 24 111 4 314 16 -1 
134 206 121 185 90 131 251 121 -1 
313 48 226 253 -1 
9 275 281 174 -1 
13 327 122 305 75 242 170 9 230 89 325 13 277 243 235 87 165 85 42 299 265 133 59 71 38 346 -1 
348 288 120 243 76 105 334 293 7 97 29 249 88 269 459 139 12 341 346 11 197 171 382 75 270 92 236 113 401 357 223 320 19 57 -1 
585 348 303 223 144 26 223 61 375 101 147 527 18 109 817 764 352 320 46 272 21 447 -1 
240 338 124 467 373 -1 
106 28 182 470 244 418 323 45 108 205 317 241 1 13 102 150 -1 
45 255 77 101 -1 
260 216 253 198 98 45 355 450 126 794 63 202 196 51 83 247 11 362 319 37 172 107 -1 
939 8 -1 
224 258 45 478 10 -1 
492 152 6 71 -1 
492 100 492 490 95 255 3 -1 
-1 
232 102 282 289 513 486 632 227 823 476 975 44 723 124 189 520 -1 
517 377 -1 
71 100 11 438 257 443 -1 
335 -1 
67 172 350 409 114 113 431 219 425 992 190 103 103 146 244 3 171 150 14 240 11 470 120 153 247 42 1 -1 
207 -1 
507 201 288 447 396 -1 
444 476 165 416 69 206 300 511 940 185 416 66 -1 
-1 
-1 
490 565 463 541 474 15 470 28 528 172 540 20 118 171 364 -1 
254 310 703 500 195 869 512 403 251 -1 
371 315 50 45 43 665 39 316 176 130 -1 
186 548 620 630 -1 
39 263 382 432 455 132 108 178 101 213 581 581 589 65 583 21 684 201 -1 
353 18 -1 
531 43 98 524 156 380 536 168 56 360 537 130 153 448 103 -1 
-1 
618 629 62 792 651 862 794 665 44 118 516 -1 
441 138 642 681 569 -1 
387 615 30 529 68 18 70 50 415 522 581 322 657 -1 
686 246 489 -1 
704 654 532 -1 
709 -1 
578 15 123 71 199 -1 
169 586 341 476 710 673 -1 
276 343 77 295 -1 
461 278 43 235 200 313 437 616 444 -1 
139 -1 
-1 
932 30 908 260 467 -1 
493 -1 
720 86 -1 
-1 
-1 
503 157 711 65 662 370 811 663 760 451 579 758 663 -1 
607 296 -1 
-1 
64 703 730 98 614 578 289 728 15 344 20 661 721 -1 
672 688 498 979 247 309 50 103 569 956 729 707 757 608 522 677 288 675 855 714 713 544 39 539 673 656 733 705 793 851 981 653 971 647 86 251 86 -1 
297 156 235 628 -1 
738 773 157 701 909 726 758 -1 
-1 
15 157 138 755 158 67 -1 
745 416 -1 
575 768 749 752 870 43 856 590 785 797 341 727 -1 
42 769 776 777 251 961 -1 
-1 
810 -1 
792 861 834 65 833 664 -1 
-1 
624 525 -1 
-1 
553 752 169 752 679 -1 
876 -1 
777 174 -1 
174 563 815 -1 
-1 
879 845 884 836 878 853 -1 
-1 
839 866 893 -1 
-1 
157 759 913 -1 
-1 
-1 
883 42 -1 
-1 
276 490 650 -1 
692 -1 
735 804 -1 
-1 
-1 
790 743 870 30 -1 
914 353 -1 
877 821 553 438 975 762 932 200 855 689 709 838 -1 
-1 
577 895 960 746 767 169 -1 
200 802 890 860 -1 
-1 
-1 
922 532 880 691 754 757 963 715 -1 
-1 
742 963 56 842 747 285 845 938 -1 
-1 
-1 
86 722 733 972 
