11 6 8 26 30 7 
28 13 21 40 10 18 
53 15 27 19 49 48 
32 35 29 33 16 2 
22 14 51 17 44 43 
39 20 4 50 37 9 
59 39 33 19 12 22 
56 47 10 4 26 13 
40 42 24 32 18 29 
48 14 27 57 44 58 
49 43 17 37 53 23 
25 21 3 20 34 54 
40 38 25 20 54 17 
58 1 51 6 10 37 
27 12 16 29 46 24 
49 0 26 50 41 8 
3 44 52 18 11 19 
47 9 2 55 39 33 
22 24 30 38 15 50 
13 45 19 17 44 31 
5 40 14 32 9 28 
42 16 2 52 0 49 
41 59 37 33 53 11 
20 26 55 34 57 35 
45 8 10 25 9 51 
20 31 23 2 43 1 
52 13 48 7 53 59 
39 18 50 6 14 40 
33 17 26 42 4 46 
41 16 57 30 37 47 
2 43 52 53 34 51 
25 22 15 54 23 4 
13 46 30 39 55 8 
32 31 36 20 24 47 
0 9 3 18 59 12 
49 19 1 33 37 56 
3 45 8 38 31 35 
58 24 4 59 40 18 
10 12 25 36 20 30 
2 43 39 13 34 49 
55 6 50 32 47 37 
19 27 11 56 57 22 
5 47 1 35 53 34 
19 42 40 29 49 3 
16 15 58 44 2 46 
26 37 30 21 56 0 
28 20 32 43 52 9 
54 11 45 51 33 14 
58 46 9 23 17 4 
12 54 5 43 42 31 
49 11 26 6 59 51 
0 8 40 55 1 48 
37 44 50 30 41 22 
15 21 24 18 20 39 
42 55 21 46 52 20 
36 25 58 27 2 38 
44 15 54 33 24 11 
35 18 5 13 22 49 
3 53 26 9 41 39 
48 29 59 34 8 40 
