16979680217896300181
16779080971756127203
15171725529992110549
15673092777823489531
16571198006115092083
14407378610540492207
17719048139764622071
16295415464573270257
18145242100639361569
16061063773215731183
14964456135354349903
15982413221076940051
17038033403351598103
18371307716620618729
16583688248934594049
17894596491219370981
17410191656069021323
14221351702426572241
16238060737916990351
16671434677822269311
17592267763746668569
14350874296663951279
18152211397358555081
15621378307141797521
17706798182860620257
14482361765743570681
15039247545153133741
13890520449259746449
17461077539926404977
14196319076153707937
15328506045719949149
16382401384927994441
15729055546714207067
18323162087605968889
17198840225049496957
16754123008637421443
14709975905262065423
14082070966551029599
14335544177908676759
15975904134257298247
18325817919874335749
15097273070505446363
13980302014104769247
14317092914385555013
14127699592133791039
15119901727379829949
13917853667727772241
17138942602277276203
17185197845191281751
15815404377136052449
16407573117715591481
14267812856731489259
15197750073355401689
15693481875851297459
15529864021493723609
14884161153885765961
13998262310242123957
16004648522182342229
17728612961703416281
16217202468490934111
18190512350930023649
16620100067865937771
18190306885432660931
14004729622476027109
16304766870101953811
15576302523287272483
14236544003116612117
15064495914701435659
14632591251057098747
14649940024293366523
14508485063732019961
18396040580015218381
14047126198240299457
16558299422247821977
14419943821763603633
17381561163795885647
15901171950504295313
15669495303358674313
14486054604732022723
18282621121095250237
15821679853893966113
16034771267120917637
17335420732446418181
14573585652389672809
16561673136497768171
17610398974646134661
14247296385196696681
16435202303079051379
17619666202611476299
16409625866509897079
14825622363614451397
15980593359549616331
15016018455104601061
17760617902752133177
15716732065456636831
14181215049218362499
18405529956189329483
17953533006628883357
16837412923006340803
14156972114449172903
13973577372932917643
14883498639979562251
14463955208142830387
17972334481030092599
15529243182701011861
15889452581379259973
15807036653051901251
16309852282619106439
16159558314453145637
18218970396578259109
16343117219694728033
15717523104507563819
16936871928381949757
14955063142050739403
16312918463498083943
17276436942199952779
17494914879496859429
16582014632242776823
17199389833234246529
15983979576018773239
17140566047827006711
15966755808235563853
14571588559334570987
17302897380216378169
18427262429003231087
14085510769403857963
17723482767621297133
15657749658746935043
14270176319809816423
15380489345862341929
15319936758237361273
15340768361351920717
18292308038236148317
15106166056572203861
17963307637787020721
15621053863081553167
18434170046838023957
14036249034424749763
18290731357593135163
14175168769350328309
16722232560222403153
18196904133383756503
15921502734912381263
14190062861379361171
17176460824932645199
16443010269393916447
14818168087081778219
15214695043949007109
18427790204729243641
15142703671774647469
17093532142561259893
18322481678076014623
15645505071126338923
15317057050417461881
13911908839929398381
14680071509359738837
15339638732563864123
14519354027923866791
16421939948517956999
15101415408340965707
15299997667385191183
18075694117610191297
17505202821619367513
17061918264433694219
15710477314689578111
15262275380178727157
15359011605648295271
17677128342179722609
17797832145609967603
18410924829531400171
17918422908981057061
15196579622219729627
18038456847245221613
14205584650722266327
17209421680398911723
17744392134815846429
15029223125982051907
15052177876989035023
17224114165738639969
16004600730121143919
17055267261121878401
17706701521780289537
15074464056958294553
17889477197473258999
18443900084062099877
15566383190928516143
16069879718843391043
17951079334792650731
15616431206941553551
16615360193405329099
17602136107237071883
16880351384990161169
15113530758178518871
15118027543917751069
15682004232246854947
17380797629454288433
16707271420581640013
15798031596949934147
18114886645476697711
17722886121972038641
16275627758673167267
18295277240744141413
17173678666072185841
17389382636246035399
14528502417632579581
13844724070653557779
18109455885600516793
17380282998428244277
14811419640856417211
14888288962605992861
13984817172751234727
17343420392445553171
18279205848719543243
16959924121714884809
14187888658083672121
14097722137027079671
14870559288433888229
15227605125740046271
14201260180851756149
14871835822968233663
15680629139771534501
15369786353729541511
16522615894819706201
15032447930670137477
16569169125135041627
18102080498622541703
13909270003157053529
17342467789486308671
18004065948319566937
16407682600718516693
17391899225929109047
17356032362350832783
17048869737571180277
18348260815379697403
15430686105025925567
15393135848191812383
15496974615873291707
14928908797124211761
16632584399133716857
17659267491518003111
15115745715311719333
16039797282110172113
14139493219864041209
18316271027507003933
15956698656022948217
17314564378958401397
14193774471536933363
17513586973326382097
15617359419667229897
16594082872472915209
18098287629191761951
15137901322724349287
15718329928734716537
15384361412070625609
14962445486370782363
17376080245428053147
13936301749277941003
17924377638559869101
17366550335474679029
17063808053949537779
16942036967259507329
17751405753768822677
17926231834058192737
14915936636890081619
15969230650869359797
18012105968604253837
17252171927859697369
16253878198162973047
14708808155936203303
16831966616924117977
17649685153698619837
15590514399464848439
14376609334940922359
15544961700420189923
18247753536102909667
17329203120738747869
14452872087711002347
16267348544769276323
17145836859506717581
17237637782682092393
18164196789912032729
15870097613793491863
18014784700232769653
18098784806809655059
14361433179859358609
14251255381648357447
16278020845584148349
17160952946710706501
16100729665076131091
17068803531372588839
18111850788015568091
15187681723839963791
16163852627237628407
14812369813632350749
15424254805886382839
13930591892644512931
15373712565222368501
14914295255728014437
16325892127745823289
15458762610344257487
16138711488776833681
17118862508687088101
17215346183334634177
16225390159449097103
16696833571560834323
16249752584380194221
17724301320973197823
16306355499682790291
18033323451266347199
16151751908269095791
15930358778370620039
17873256260557746079
16213164407851773871
14076645697285022879
15827602548987918593
16986562100520192373
16934208924166424861
15677860295520594637
15480241450543227073
15741535868958292163
15741625591510267781
15165862234514091799
14597062543315905347
16639869245717949457
15230905239391721023
18416845752217608859
15205468750030562429
15390079996659119863
16935916909624560937
14308193979556623383
15319348958243283593
17067412638252965993
18175608616382663077
14193988111813980731
14084653219390033607
18378556293865686649
14747893800239682217
16083522308495199661
17531252169407417653
15278946392286381253
17266892268571290791
18230780547598512437
17113715490862654921
15820482796231403263
17213539817394616439
18032342592710387749
14193060545023131217
14884562684437549333
15187231882676727061
16630740144890900603
16690654077690635303
18261397886557090259
16714082684132364803
15277353669601828919
18155549295012411697
14568719228111217493
17786881070630463887
16179922401476359711
13987294094499532063
16402598344820719931
16966092761890460197
15414527707569352673
16842901447026884393
14592688478929881689
14864961014441546761
15322183984611652153
15298689356774637109
14367362507455981483
16242581366866939033
15233638673658073259
17713658120191774903
13988691920385597659
14772444190401922327
14061700978452036341
16334011936527724039
15916253890693326091
18296193690322507633
14034403632891896339
15458314716789574321
14219278090087150907
17340503342346209609
15461506734010917187
13939356031439547127
16530615978127467869
15873392343956468747
14187331638902056001
13866632758448871353
14525521286989600399
16061543847827816927
18046459830643588831
14229307389775840447
15744628708882509407
14627530218641610967
15612740361689414611
17954783849726320463
13912511254624803869
14177334970661652521
15467428070234108029
14707409697155541181
16557987534224092741
15768582465667441537
17694216033993495497
15363314241300890203
16160127173730739289
18048360912709748479
17638966359560631619
15033506893478458993
16092245753368316429
16510864170969314617
17757958632197428313
14703311280882915673
14920389597468963677
17274533810520819821
14995978267008045499
17527798516041170779
14316835997421000863
14252801721266847019
18103244056332398063
15355590344838818077
14452049838074574667
18108225789870589843
14385487826897403191
15966801172660814543
14569598398482992957
16916485857292526873
17864168893232641549
17078937001749791563
18245023523833014637
17954856215459613899
18373584339187431499
16451534994831374621
14684133651508912961
14504343150184827221
16534274069000993077
15131903441885195389
17369569866722433769
14911111739112719917
16012696298189474537
15744700836056755133
14077578511501493591
18084722922079725367
16376022525806805931
14777108575253988547
13870871316759188827
16256853900349179977
16995950485482023683
15734042697122668663
16481416874440096379
18262989578784914113
14901589662147948311
18298698294892819651
17141553655592125387
13864558557955428493
18017653765928375707
17329750039114603697
14132789061250651387
16401432534708300197
18399013525498762733
14599286771440775857
15104510053485258223
14232147631338939119
15156979969319062123
15079610115028242533
16474701044280155269
16937013281556607823
16198155939843703043
15289613248604322473
16551149003416620911
14903171843615774189
16924557546224853263
14009696115416900047
14869288818627295541
15910043557581206521
17727039951472849331
17303124009761059247
14172053629465653703
14715480031190431397
16705396684896574381
17213753164790841713
16874660856769571939
17121391210619187209
15665977171073034919
17782711457423215969
14785770562221506161
17812945371030695033
14498063451955883983
14180821827503592791
18045791666799571319
18004391957026697149
14656583363992365623
14710761830610239099
15650985890203394329
18122156666367244987
14455649524934677399
16754741804119998941
17018042173660267681
16349774535141251657
17290712796602699017
17434124057628416339
13856755247152147441
