#turn=1, 
#money=11127, 
#income=0
 #Score=11127
0 28 29
#turn=2, 
#money=11027, 
#income=0
 #Score=11027
1 28 30
#turn=3, 
#money=10927, 
#income=0
 #Score=10927
3 28 31
#turn=4, 
#money=10827, 
#income=0
 #Score=10827
5 29 31
#turn=5, 
#money=10727, 
#income=0
 #Score=10727
1 29 32
#turn=6, 
#money=10627, 
#income=0
 #Score=10627
3 29 33
#turn=7, 
#money=10527, 
#income=0
 #Score=10527
5 30 33
#turn=8, 
#money=10427, 
#income=0
 #Score=10427
3 30 34
#turn=9, 
#money=10327, 
#income=0
 #Score=10327
5 31 34
#turn=10, 
#money=10227, 
#income=0
 #Score=10227
1 31 35
#turn=11, 
#money=10127, 
#income=0
 #Score=10127
4 31 36
#turn=12, 
#money=10027, 
#income=0
 #Score=10027
2 30 36
#turn=13, 
#money=9927, 
#income=0
 #Score=9927
6 29 36
#turn=14, 
#money=9827, 
#income=0
 #Score=9827
1 29 37
#turn=15, 
#money=9727, 
#income=0
 #Score=9727
1 29 38
#turn=16, 
#money=9627, 
#income=0
 #Score=9627
4 29 39
#turn=17, 
#money=9527, 
#income=0
 #Score=9527
2 28 39
#turn=18, 
#money=9427, 
#income=0
 #Score=9427
2 27 39
#turn=19, 
#money=9327, 
#income=0
 #Score=9327
2 26 39
#turn=20, 
#money=9227, 
#income=0
 #Score=9227
2 25 39
#turn=21, 
#money=9127, 
#income=0
 #Score=9127
2 24 39
#turn=22, 
#money=9027, 
#income=0
 #Score=9027
6 23 39
#turn=23, 
#money=8927, 
#income=0
 #Score=8927
1 23 40
#turn=24, 
#money=8827, 
#income=0
 #Score=8827
1 23 41
#turn=25, 
#money=8727, 
#income=0
 #Score=8727
1 23 42
#turn=26, 
#money=8627, 
#income=0
 #Score=8627
1 23 43
#turn=27, 
#money=8527, 
#income=0
 #Score=8527
1 23 44
#turn=28, 
#money=8427, 
#income=0
 #Score=8427
1 23 45
#turn=29, 
#money=8327, 
#income=0
 #Score=8327
4 23 46
#turn=30, 
#money=8227, 
#income=0
 #Score=8227
2 22 46
#turn=31, 
#money=8127, 
#income=0
 #Score=8127
3 21 46
#turn=32, 
#money=8027, 
#income=0
 #Score=8027
5 21 45
#turn=33, 
#money=7927, 
#income=0
 #Score=7927
2 20 45
#turn=34, 
#money=7827, 
#income=0
 #Score=7827
3 19 45
#turn=35, 
#money=7727, 
#income=0
 #Score=7727
5 19 44
#turn=36, 
#money=7627, 
#income=0
 #Score=7627
2 18 44
#turn=37, 
#money=7527, 
#income=0
 #Score=7527
3 17 44
#turn=38, 
#money=7427, 
#income=0
 #Score=7427
5 17 43
#turn=39, 
#money=7327, 
#income=0
 #Score=7327
2 16 43
#turn=40, 
#money=7227, 
#income=0
 #Score=7227
2 15 43
#turn=41, 
#money=7127, 
#income=0
 #Score=7127
3 14 43
#turn=42, 
#money=7027, 
#income=0
 #Score=7027
5 14 42
#turn=43, 
#money=6927, 
#income=0
 #Score=6927
2 13 42
#turn=44, 
#money=6827, 
#income=0
 #Score=6827
2 12 42
#turn=45, 
#money=6727, 
#income=0
 #Score=6727
2 11 42
#turn=46, 
#money=6627, 
#income=0
 #Score=6627
2 10 42
#turn=47, 
#money=6527, 
#income=0
 #Score=6527
2 9 42
#turn=48, 
#money=6427, 
#income=0
 #Score=6427
2 8 42
#turn=49, 
#money=6327, 
#income=0
 #Score=6327
6 7 42
#turn=50, 
#money=6227, 
#income=0
 #Score=6227
4 7 43
#turn=51, 
#money=6127, 
#income=0
 #Score=6127
6 6 43
#turn=52, 
#money=6027, 
#income=0
 #Score=6027
4 6 44
#turn=53, 
#money=5927, 
#income=0
 #Score=5927
2 5 44
#turn=54, 
#money=968, 
#income=41
 #Score=31554
0 4 44
-1
-1
-1
-1
-1
-1
-1
-1
-1
-1
-1
-1
-1
-1
-1
-1
-1
-1
-1
-1
-1
-1
-1
-1
-1
-1
-1
-1
-1
-1
-1
-1
-1
-1
-1
-1
-1
-1
-1
-1
-1
-1
-1
-1
-1
-1
-1
-1
-1
-1
-1
-1
-1
-1
-1
-1
-1
-1
-1
-1
-1
-1
-1
-1
-1
-1
-1
-1
-1
-1
-1
-1
-1
-1
-1
-1
-1
-1
-1
-1
-1
-1
-1
-1
-1
-1
-1
-1
-1
-1
-1
-1
-1
-1
-1
-1
-1
-1
-1
-1
-1
-1
-1
-1
-1
-1
-1
-1
-1
-1
-1
-1
-1
-1
-1
-1
-1
-1
-1
-1
-1
-1
-1
-1
-1
-1
-1
-1
-1
-1
-1
-1
-1
-1
-1
-1
-1
-1
-1
-1
-1
-1
-1
-1
-1
-1
-1
-1
-1
-1
-1
-1
-1
-1
-1
-1
-1
-1
-1
-1
-1
-1
-1
-1
-1
-1
-1
-1
-1
-1
-1
-1
-1
-1
-1
-1
-1
-1
-1
-1
-1
-1
-1
-1
-1
-1
-1
-1
-1
-1
-1
-1
-1
-1
-1
-1
-1
-1
-1
-1
-1
-1
-1
-1
-1
-1
-1
-1
-1
-1
-1
-1
-1
-1
-1
-1
-1
-1
-1
-1
-1
-1
-1
-1
-1
-1
-1
-1
-1
-1
-1
-1
-1
-1
-1
-1
-1
-1
-1
-1
-1
-1
-1
-1
-1
-1
-1
-1
-1
-1
-1
-1
-1
-1
-1
-1
-1
-1
-1
-1
-1
-1
-1
-1
-1
-1
-1
-1
-1
-1
-1
-1
-1
-1
-1
-1
-1
-1
-1
-1
-1
-1
-1
-1
-1
-1
-1
-1
-1
-1
-1
-1
-1
-1
-1
-1
-1
-1
-1
-1
-1
-1
-1
-1
-1
-1
-1
-1
-1
-1
-1
-1
-1
-1
-1
-1
-1
-1
-1
-1
-1
-1
-1
-1
-1
-1
-1
-1
-1
-1
-1
-1
-1
-1
-1
-1
-1
-1
-1
-1
-1
-1
-1
-1
-1
-1
-1
-1
-1
-1
-1
-1
-1
-1
-1
-1
-1
-1
-1
-1
-1
-1
-1
-1
-1
-1
-1
-1
-1
-1
-1
-1
-1
-1
-1
-1
-1
-1
-1
-1
-1
-1
-1
-1
-1
-1
-1
-1
-1
-1
-1
-1
-1
-1
-1
-1
-1
-1
-1
-1
-1
-1
-1
-1
-1
-1
-1
-1
-1
-1
-1
-1
-1
-1
-1
-1
-1
-1
-1
-1
-1
-1
-1
-1
-1
-1
-1
-1
-1
-1
-1
-1
-1
-1
-1
-1
-1
-1
-1
-1
-1
-1
-1
-1
-1
-1
-1
-1
-1
-1
-1
-1
-1
-1
-1
-1
-1
-1
-1
-1
-1
-1
-1
-1
-1
-1
-1
-1
-1
-1
-1
-1
-1
-1
-1
-1
-1
-1
-1
-1
-1
-1
-1
-1
-1
-1
-1
-1
-1
-1
-1
-1
-1
-1
-1
-1
-1
-1
-1
-1
-1
-1
-1
-1
-1
-1
-1
-1
-1
-1
-1
-1
-1
-1
-1
-1
-1
-1
-1
-1
-1
-1
-1
-1
-1
-1
-1
-1
-1
-1
-1
-1
-1
-1
-1
-1
-1
-1
-1
-1
-1
-1
-1
-1
-1
-1
-1
-1
-1
-1
-1
-1
-1
-1
-1
-1
-1
-1
-1
-1
-1
-1
-1
-1
-1
-1
-1
-1
-1
-1
-1
-1
-1
-1
-1
-1
-1
-1
-1
-1
-1
-1
-1
-1
-1
-1
-1
-1
-1
-1
-1
-1
-1
-1
-1
-1
-1
-1
-1
-1
-1
-1
-1
-1
-1
-1
-1
-1
-1
-1
-1
-1
-1
-1
-1
-1
-1
-1
-1
-1
-1
-1
-1
-1
-1
-1
-1
-1
-1
-1
-1
-1
-1
-1
-1
-1
-1
-1
-1
-1
-1
-1
-1
-1
-1
-1
-1
-1
-1
-1
-1
-1
-1
-1
-1
-1
-1
-1
-1
-1
-1
-1
-1
-1
-1
-1
-1
-1
-1
-1
-1
-1
-1
-1
-1
-1
-1
-1
-1
-1
-1
-1
-1
-1
-1
-1
-1
-1
-1
-1
-1
-1
-1
-1
-1
-1
-1
-1
-1
-1
-1
-1
-1
-1
-1
-1
-1
-1
-1
-1
-1
-1
-1
-1
-1
-1
-1
-1
-1
-1
-1
-1
-1
-1
-1
-1
-1
-1
-1
-1
-1
-1
-1
-1
-1
-1
-1
-1
-1
-1
-1
-1
-1
-1
-1
-1

